1-5-5
ja:[(3, 3), (0, 4)]
re:[(4, 1), (0, 0)]
bl:[(4, 2), (1, 2)]
ve:[(0, 2), (3, 1)]
or:[(4, 3), (1, 4)]

2-5-4
ja:[(0, 0), (3, 4)]
re:[(3, 2), (4, 0)]
bl:[(4, 4), (3, 0)]
ve:[(3, 1), (2, 2)]

3-5-5
ja:[(3, 0), (0, 1)]
re:[(2, 2), (1, 3)]
bl:[(0, 2), (4, 0)]
ve:[(4, 3), (0, 3)]
or:[(4, 2), (3, 3)]

4-5-4
ja:[(2, 2), (4, 2)]
re:[(0, 3), (1, 0)]
bl:[(4, 1), (3, 3)]
ve:[(4, 0), (0, 4)]

5-5-4
ja:[(1, 1), (4, 4)]
re:[(4, 2), (0, 3)]
bl:[(3, 4), (1, 2)]
ve:[(1, 3), (0, 4)]

6-5-4
ve:[(2, 3), (0, 4)]
ja:[(4, 4), (0, 0)]
re:[(3, 4), (0, 3)]
bl:[(3, 1), (0, 2)]

7-5-4
ja:[(0, 3), (2, 0)]
re:[(3, 3), (3, 1)]
bl:[(0, 0), (2, 3)]
ve:[(1, 0), (2, 2)]

8-5-5
ja:[(2, 2), (1, 3)]
re:[(0, 3), (3, 1)]
bl:[(4, 1), (0, 0)]
ve:[(4, 2), (3, 4)]
or:[(3, 2), (0, 4)]

9-5-4
ja:[(1, 1), (2, 2)]
re:[(4, 2), (0, 3)]
bl:[(4, 0), (1, 2)]
ve:[(4, 1), (1, 3)]

10-5-4
ja:[(4, 0), (2, 3)]
re:[(2, 1), (1, 3)]
bl:[(2, 2), (2, 0)]
ve:[(1, 0), (4, 4)]

11-5-4
ja:[(4, 1), (0, 1)]
re:[(0, 2), (4, 4)]
bl:[(0, 0), (2, 1)]
ve:[(4, 0), (2, 2)]

12-5-5
re:[(2, 0), (0, 3)]
ja:[(3, 3), (4, 4)]
bl:[(3, 1), (1, 2)]
ve:[(1, 3), (0, 4)]
or:[(3, 0), (3, 4)]

13-5-5
re:[(4, 3), (2, 0)]
ja:[(0, 1), (0, 3)]
bl:[(4, 4), (2, 3)]
ve:[(0, 0), (3, 3)]
or:[(2, 2), (0, 4)]

14-5-5
re:[(3, 3), (4, 4)]
ja:[(0, 3), (4, 0)]
bl:[(3, 4), (0, 4)]
ve:[(2, 0), (0, 2)]
or:[(4, 1), (2, 3)]

15-5-4
re:[(2, 0), (4, 0)]
ja:[(0, 1), (4, 2)]
bl:[(2, 2), (0, 0)]
ve:[(4, 1), (1, 2)]

16-5-4
ve:[(1, 1), (1, 3)]
re:[(3, 2), (3, 4)]
ja:[(1, 0), (3, 1)]
bl:[(2, 0), (4, 4)]

17-5-4
re:[(0, 4), (0, 0)]
ve:[(1, 2), (3, 1)]
bl:[(1, 3), (1, 1)]
ja:[(4, 3), (1, 4)]

18-5-4
re:[(4, 0), (3, 2)]
ve:[(4, 2), (3, 4)]
bl:[(2, 2), (1, 3)]
ja:[(4, 1), (1, 1)]

19-5-4
bl:[(1, 1), (1, 3)]
re:[(1, 0), (4, 2)]
ve:[(3, 0), (2, 3)]
ja:[(4, 0), (3, 3)]

20-5-4
bl:[(1, 0), (0, 4)]
re:[(3, 2), (0, 0)]
ve:[(2, 2), (0, 2)]
ja:[(0, 3), (3, 3)]

21-5-5
bl:[(4, 0), (3, 1)]
re:[(3, 3), (1, 2)]
ve:[(1, 1), (4, 2)]
or:[(4, 3), (2, 4)]
ja:[(3, 0), (1, 4)]

22-5-5
bl:[(2, 2), (1, 3)]
re:[(2, 0), (0, 1)]
ve:[(4, 1), (4, 4)]
or:[(3, 2), (1, 1)]
ja:[(4, 0), (2, 1)]

23-5-4
bl:[(1, 0), (3, 1)]
re:[(2, 0), (3, 3)]
ve:[(1, 1), (1, 3)]
ja:[(4, 3), (3, 4)]

24-5-4
bl:[(4, 4), (2, 1)]
re:[(0, 0), (0, 4)]
ve:[(4, 1), (2, 4)]
ja:[(2, 2), (3, 4)]

25-5-5
bl:[(4, 0), (3, 3)]
re:[(2, 3), (3, 0)]
ve:[(2, 4), (0, 0)]
or:[(0, 1), (0, 4)]
ja:[(4, 2), (3, 4)]

26-5-4
bl:[(3, 0), (2, 4)]
re:[(1, 3), (1, 1)]
ve:[(3, 2), (4, 4)]
ja:[(3, 4), (4, 0)]

27-5-4
bl:[(2, 1), (2, 3)]
re:[(1, 1), (0, 4)]
ve:[(0, 2), (4, 4)]
ja:[(3, 1), (1, 4)]

28-5-5
bl:[(3, 1), (4, 3)]
re:[(1, 1), (1, 3)]
ve:[(4, 1), (3, 3)]
or:[(1, 0), (1, 4)]
ja:[(2, 0), (4, 0)]

29-5-5
bl:[(3, 0), (3, 3)]
re:[(1, 1), (1, 3)]
ve:[(0, 0), (2, 4)]
or:[(1, 0), (2, 3)]
ja:[(3, 4), (4, 0)]

30-5-4
bl:[(0, 0), (3, 2)]
re:[(4, 1), (2, 1)]
ve:[(4, 0), (2, 2)]
ja:[(4, 2), (0, 4)]

1-6-6
bl:[(5, 2), (0, 5)]
re:[(3, 2), (0, 4)]
ve:[(0, 0), (4, 0)]
or:[(4, 2), (1, 4)]
cy:[(0, 2), (2, 2)]
ja:[(5, 0), (0, 1)]

2-6-6
bl:[(3, 5), (0, 2)]
re:[(2, 3), (4, 1)]
ve:[(0, 5), (2, 5)]
or:[(4, 5), (0, 1)]
cy:[(3, 3), (4, 4)]
ja:[(4, 2), (2, 2)]

3-6-4
bl:[(5, 2), (4, 3)]
re:[(5, 3), (2, 3)]
ve:[(1, 4), (4, 4)]
ja:[(1, 1), (4, 2)]

4-6-4
bl:[(4, 1), (3, 2)]
re:[(3, 0), (4, 3)]
ve:[(3, 1), (3, 3)]
ja:[(4, 0), (0, 0)]

5-6-4
bl:[(3, 4), (4, 1)]
re:[(4, 4), (2, 3)]
ve:[(0, 0), (5, 4)]
ja:[(2, 4), (2, 0)]

6-6-6
bl:[(5, 0), (3, 2)]
re:[(0, 3), (2, 4)]
ve:[(0, 5), (2, 5)]
or:[(1, 1), (3, 5)]
cy:[(4, 2), (3, 4)]
ja:[(3, 3), (1, 3)]

7-6-5
bl:[(0, 2), (2, 3)]
re:[(4, 0), (2, 5)]
ve:[(4, 4), (1, 2)]
or:[(1, 1), (3, 2)]
ja:[(1, 5), (0, 3)]

8-6-5
bl:[(4, 4), (0, 4)]
re:[(4, 1), (1, 2)]
ve:[(0, 5), (3, 3)]
or:[(5, 1), (2, 2)]
ja:[(5, 2), (3, 2)]

9-6-6
bl:[(4, 5), (4, 1)]
re:[(2, 5), (0, 0)]
ve:[(0, 1), (0, 5)]
or:[(2, 0), (5, 5)]
cy:[(1, 5), (1, 2)]
ja:[(3, 1), (3, 5)]

10-6-5
bl:[(4, 4), (1, 4)]
re:[(1, 5), (0, 0)]
ve:[(3, 2), (2, 5)]
or:[(4, 2), (1, 3)]
ja:[(4, 1), (2, 3)]

11-6-5
bl:[(1, 1), (2, 5)]
re:[(3, 4), (1, 5)]
ve:[(3, 5), (4, 0)]
or:[(1, 4), (1, 2)]
ja:[(4, 1), (4, 4)]

12-6-4
ve:[(3, 3), (0, 1)]
ja:[(5, 1), (0, 2)]
re:[(5, 0), (1, 2)]
bl:[(1, 1), (2, 3)]

13-6-5
or:[(5, 0), (4, 1)]
ve:[(1, 1), (4, 4)]
ja:[(1, 4), (4, 0)]
re:[(1, 2), (2, 5)]
bl:[(2, 0), (0, 2)]

14-6-5
or:[(4, 5), (0, 4)]
ve:[(1, 2), (5, 1)]
ja:[(5, 0), (5, 2)]
re:[(5, 3), (3, 3)]
bl:[(5, 5), (1, 4)]

15-6-6
or:[(5, 2), (4, 3)]
ve:[(4, 4), (2, 3)]
ja:[(0, 0), (5, 3)]
cy:[(2, 4), (5, 1)]
re:[(5, 0), (2, 0)]
bl:[(1, 0), (2, 1)]

16-6-6
or:[(2, 4), (4, 4)]
ve:[(3, 1), (2, 3)]
ja:[(1, 4), (4, 0)]
cy:[(1, 0), (0, 2)]
re:[(3, 3), (4, 1)]
bl:[(0, 3), (5, 0)]

17-6-6
or:[(4, 4), (2, 4)]
ve:[(2, 3), (4, 0)]
ja:[(4, 2), (0, 1)]
cy:[(3, 2), (2, 1)]
re:[(1, 1), (0, 5)]
bl:[(5, 4), (1, 3)]

18-6-5
or:[(0, 5), (5, 0)]
ve:[(5, 2), (1, 1)]
ja:[(1, 5), (5, 3)]
re:[(2, 1), (2, 3)]
bl:[(4, 2), (4, 4)]

19-6-5
or:[(3, 4), (0, 1)]
ve:[(0, 0), (2, 4)]
ja:[(4, 4), (4, 1)]
re:[(2, 3), (1, 5)]
bl:[(2, 2), (0, 5)]

20-6-4
ve:[(4, 1), (3, 3)]
ja:[(3, 2), (2, 4)]
re:[(3, 4), (4, 3)]
bl:[(5, 3), (0, 0)]

21-6-6
or:[(0, 3), (2, 3)]
ve:[(5, 1), (0, 5)]
ja:[(3, 3), (2, 0)]
cy:[(5, 0), (0, 4)]
re:[(2, 1), (0, 1)]
bl:[(0, 0), (1, 1)]

22-6-5
or:[(4, 2), (2, 0)]
ve:[(2, 1), (3, 2)]
ja:[(3, 3), (1, 0)]
re:[(4, 0), (0, 5)]
bl:[(0, 0), (4, 3)]

23-6-4
ve:[(0, 5), (5, 5)]
ja:[(2, 4), (2, 2)]
re:[(3, 2), (2, 5)]
bl:[(4, 5), (1, 5)]

24-6-6
or:[(1, 3), (1, 0)]
ve:[(0, 0), (1, 2)]
ja:[(3, 1), (4, 4)]
cy:[(0, 5), (5, 5)]
re:[(4, 3), (0, 2)]
bl:[(4, 1), (3, 2)]

25-6-6
or:[(0, 2), (0, 5)]
ve:[(0, 1), (5, 0)]
ja:[(3, 3), (4, 4)]
cy:[(3, 4), (2, 2)]
re:[(5, 1), (1, 5)]
bl:[(2, 5), (2, 3)]

26-6-5
or:[(3, 0), (2, 3)]
ve:[(4, 3), (1, 0)]
ja:[(5, 1), (4, 2)]
re:[(5, 3), (0, 0)]
bl:[(5, 0), (3, 3)]

27-6-5
or:[(4, 1), (0, 0)]
ve:[(5, 3), (1, 5)]
ja:[(1, 0), (5, 2)]
re:[(4, 4), (1, 4)]
bl:[(5, 4), (2, 4)]

28-6-4
ve:[(4, 4), (4, 1)]
ja:[(0, 0), (2, 3)]
re:[(5, 1), (0, 1)]
bl:[(5, 0), (1, 1)]

29-6-6
or:[(4, 4), (1, 3)]
ve:[(2, 3), (3, 0)]
ja:[(1, 2), (4, 1)]
cy:[(4, 5), (5, 3)]
re:[(2, 0), (1, 1)]
bl:[(3, 5), (1, 0)]

30-6-5
or:[(5, 0), (3, 1)]
ve:[(4, 4), (1, 3)]
ja:[(4, 1), (2, 1)]
re:[(3, 5), (1, 0)]
bl:[(1, 1), (4, 5)]

1-7-6
or:[(1, 5), (2, 1)]
ve:[(3, 3), (4, 2)]
ja:[(5, 5), (4, 4)]
cy:[(6, 6), (3, 4)]
re:[(5, 4), (1, 6)]
bl:[(0, 6), (6, 5)]

2-7-7
ro:[(0, 1), (6, 2)]
or:[(1, 2), (5, 2)]
ve:[(3, 5), (2, 2)]
ja:[(3, 3), (4, 4)]
cy:[(4, 5), (3, 2)]
re:[(6, 3), (0, 2)]
bl:[(1, 3), (1, 5)]

3-7-8
ro:[(2, 0), (2, 2)]
or:[(2, 3), (4, 5)]
bo:[(5, 1), (3, 0)]
ve:[(3, 6), (2, 4)]
ja:[(1, 0), (2, 6)]
cy:[(1, 6), (0, 0)]
re:[(4, 6), (3, 2)]
bl:[(6, 6), (4, 0)]

4-7-5
or:[(4, 2), (5, 4)]
ve:[(6, 0), (1, 0)]
ja:[(2, 2), (3, 4)]
re:[(5, 5), (5, 0)]
bl:[(4, 4), (5, 1)]

5-7-5
ve:[(4, 4), (1, 5)]
ja:[(2, 3), (0, 2)]
cy:[(6, 1), (0, 0)]
re:[(2, 1), (4, 2)]
bl:[(0, 1), (3, 4)]

6-7-7
ro:[(2, 2), (6, 4)]
or:[(4, 2), (6, 6)]
ve:[(2, 4), (1, 5)]
ja:[(5, 4), (3, 2)]
cy:[(1, 0), (2, 3)]
re:[(1, 1), (1, 3)]
bl:[(5, 6), (3, 6)]

7-7-5
or:[(4, 2), (2, 0)]
ve:[(1, 0), (2, 1)]
ja:[(4, 1), (4, 5)]
re:[(1, 1), (1, 5)]
bl:[(3, 1), (3, 3)]

8-7-7
ro:[(6, 6), (5, 3)]
or:[(5, 1), (1, 6)]
ve:[(0, 4), (6, 5)]
ja:[(5, 2), (3, 2)]
cy:[(1, 1), (0, 6)]
re:[(3, 3), (3, 6)]
bl:[(4, 3), (4, 6)]

9-7-6
or:[(0, 5), (1, 0)]
ve:[(1, 2), (4, 5)]
ja:[(5, 5), (3, 1)]
cy:[(4, 6), (1, 1)]
re:[(0, 6), (3, 6)]
bl:[(2, 6), (2, 4)]

10-7-6
or:[(1, 1), (6, 2)]
ve:[(5, 2), (6, 5)]
ja:[(6, 3), (4, 3)]
cy:[(0, 1), (6, 0)]
re:[(3, 3), (5, 5)]
bl:[(6, 4), (2, 4)]

11-7-7
ro:[(4, 0), (1, 1)]
or:[(5, 4), (3, 1)]
ve:[(5, 1), (5, 3)]
ja:[(3, 4), (5, 0)]
cy:[(1, 2), (3, 3)]
re:[(1, 5), (5, 5)]
bl:[(1, 0), (2, 3)]

12-7-7
ro:[(6, 1), (3, 1)]
or:[(2, 2), (6, 6)]
ve:[(2, 0), (2, 3)]
ja:[(3, 6), (4, 3)]
cy:[(6, 0), (3, 0)]
re:[(2, 1), (1, 5)]
bl:[(6, 2), (5, 5)]

13-7-6
or:[(0, 6), (3, 6)]
ve:[(5, 6), (4, 0)]
ja:[(4, 6), (0, 5)]
cy:[(2, 4), (3, 3)]
re:[(1, 5), (1, 1)]
bl:[(1, 2), (1, 4)]

14-7-8
ro:[(1, 5), (6, 6)]
or:[(1, 1), (3, 1)]
bo:[(5, 1), (1, 2)]
ve:[(2, 2), (4, 3)]
ja:[(6, 3), (4, 5)]
cy:[(6, 0), (1, 4)]
re:[(1, 3), (2, 6)]
bl:[(3, 2), (4, 1)]

15-7-5
or:[(4, 2), (2, 2)]
ve:[(0, 6), (4, 0)]
ja:[(1, 0), (0, 5)]
re:[(3, 4), (0, 0)]
bl:[(4, 4), (2, 1)]

16-7-5
or:[(6, 0), (5, 5)]
ve:[(1, 1), (5, 3)]
ja:[(2, 4), (2, 0)]
re:[(6, 5), (4, 1)]
bl:[(1, 0), (3, 6)]

17-7-7
ro:[(1, 1), (2, 4)]
or:[(3, 5), (3, 1)]
ve:[(5, 1), (5, 6)]
ja:[(5, 5), (3, 2)]
cy:[(6, 2), (4, 1)]
re:[(4, 5), (0, 6)]
bl:[(3, 4), (2, 1)]

18-7-7
ro:[(3, 6), (5, 0)]
or:[(4, 5), (6, 5)]
ve:[(5, 2), (1, 1)]
ja:[(2, 2), (1, 5)]
cy:[(4, 6), (6, 6)]
re:[(2, 6), (5, 1)]
bl:[(2, 5), (5, 3)]

19-7-6
or:[(5, 5), (6, 2)]
ve:[(3, 5), (4, 3)]
ja:[(6, 0), (0, 3)]
cy:[(1, 5), (4, 5)]
re:[(6, 1), (3, 6)]
bl:[(4, 6), (6, 6)]

20-7-5
or:[(1, 3), (4, 1)]
ve:[(0, 0), (0, 2)]
ja:[(2, 4), (3, 1)]
re:[(0, 3), (1, 2)]
bl:[(2, 1), (3, 3)]

21-7-6
or:[(0, 4), (2, 3)]
ve:[(3, 3), (1, 0)]
ja:[(3, 1), (2, 0)]
cy:[(6, 0), (3, 0)]
re:[(1, 5), (5, 2)]
bl:[(0, 0), (1, 4)]

22-7-7
ro:[(1, 5), (5, 0)]
or:[(6, 0), (4, 6)]
ve:[(1, 2), (2, 0)]
ja:[(5, 5), (5, 2)]
cy:[(5, 1), (4, 5)]
re:[(0, 0), (1, 3)]
bl:[(3, 2), (1, 4)]

23-7-6
or:[(3, 3), (1, 6)]
ve:[(0, 0), (4, 4)]
ja:[(6, 6), (3, 4)]
cy:[(0, 6), (4, 3)]
re:[(5, 3), (0, 4)]
bl:[(4, 5), (6, 5)]

24-7-6
or:[(2, 0), (0, 6)]
ve:[(4, 1), (1, 6)]
ja:[(3, 3), (4, 6)]
cy:[(5, 6), (1, 5)]
re:[(6, 0), (6, 3)]
bl:[(6, 6), (5, 4)]

25-7-6
or:[(5, 5), (3, 1)]
ve:[(0, 0), (6, 3)]
ja:[(1, 1), (0, 6)]
cy:[(6, 4), (4, 1)]
re:[(0, 1), (1, 5)]
bl:[(6, 5), (2, 1)]

26-7-5
or:[(4, 5), (1, 5)]
ve:[(4, 1), (0, 1)]
ja:[(5, 0), (5, 5)]
re:[(2, 2), (5, 3)]
bl:[(0, 2), (6, 0)]

27-7-5
or:[(2, 1), (3, 3)]
ve:[(4, 5), (1, 5)]
ja:[(1, 4), (2, 2)]
re:[(3, 1), (0, 4)]
bl:[(0, 3), (6, 6)]

28-7-7
ro:[(0, 0), (1, 3)]
or:[(6, 0), (4, 1)]
ve:[(0, 2), (3, 4)]
ja:[(2, 3), (1, 0)]
cy:[(4, 0), (5, 5)]
re:[(3, 3), (1, 5)]
bl:[(0, 5), (6, 1)]

29-7-6
or:[(5, 3), (6, 6)]
ve:[(5, 0), (4, 3)]
ja:[(5, 1), (5, 4)]
cy:[(4, 4), (3, 1)]
re:[(4, 5), (2, 1)]
bl:[(2, 2), (2, 4)]

30-7-7
ro:[(2, 4), (1, 2)]
or:[(0, 0), (4, 0)]
ve:[(0, 2), (0, 4)]
ja:[(1, 0), (4, 2)]
cy:[(3, 4), (1, 5)]
re:[(4, 1), (5, 5)]
bl:[(0, 5), (3, 6)]

1-8-6
or:[(4, 4), (3, 3)]
bl:[(3, 4), (5, 4)]
ve:[(1, 6), (2, 4)]
cy:[(1, 4), (2, 7)]
re:[(7, 1), (0, 4)]
ja:[(1, 7), (2, 5)]

2-8-6
or:[(7, 1), (1, 6)]
bl:[(0, 1), (5, 5)]
ve:[(5, 0), (3, 3)]
cy:[(7, 3), (0, 2)]
re:[(7, 0), (0, 0)]
ja:[(3, 2), (3, 0)]

3-8-6
or:[(5, 3), (7, 6)]
bl:[(2, 2), (5, 7)]
ve:[(7, 7), (4, 7)]
cy:[(6, 1), (4, 4)]
re:[(4, 3), (0, 1)]
ja:[(1, 3), (1, 6)]

4-8-7
or:[(4, 7), (5, 2)]
bl:[(5, 7), (6, 3)]
ve:[(1, 7), (3, 1)]
cy:[(1, 6), (3, 6)]
re:[(6, 2), (4, 4)]
ja:[(0, 0), (6, 7)]
ro:[(2, 3), (3, 7)]

5-8-6
or:[(1, 2), (2, 7)]
bl:[(1, 1), (4, 7)]
ve:[(3, 5), (7, 0)]
cy:[(0, 7), (3, 3)]
re:[(4, 6), (6, 2)]
ja:[(5, 7), (4, 5)]

6-8-7
or:[(4, 7), (1, 4)]
bl:[(0, 7), (4, 6)]
ve:[(6, 1), (7, 7)]
cy:[(7, 6), (6, 2)]
re:[(5, 7), (0, 0)]
ja:[(7, 1), (2, 0)]
ro:[(1, 0), (5, 4)]

7-8-5
or:[(7, 7), (4, 4)]
bl:[(5, 4), (1, 5)]
ve:[(5, 2), (2, 2)]
re:[(5, 5), (1, 4)]
ja:[(6, 5), (1, 6)]

8-8-7
or:[(0, 6), (2, 1)]
bl:[(5, 7), (5, 2)]
ve:[(5, 1), (0, 7)]
cy:[(6, 4), (0, 5)]
re:[(5, 4), (7, 7)]
ja:[(6, 7), (4, 4)]
ro:[(5, 3), (6, 1)]

9-8-6
or:[(6, 6), (3, 3)]
bl:[(7, 2), (0, 1)]
ve:[(3, 4), (2, 7)]
cy:[(0, 7), (4, 6)]
re:[(6, 5), (1, 7)]
ja:[(3, 7), (3, 5)]

10-8-6
or:[(3, 7), (4, 1)]
bl:[(3, 5), (2, 2)]
ve:[(7, 0), (3, 4)]
cy:[(6, 3), (6, 6)]
re:[(5, 3), (3, 6)]
ja:[(1, 6), (6, 2)]

11-8-7
cy:[(0, 0), (7, 2)]
bl:[(2, 6), (4, 7)]
re:[(6, 4), (4, 2)]
or:[(2, 4), (2, 1)]
ve:[(6, 6), (4, 3)]
ja:[(0, 1), (1, 6)]
ro:[(5, 6), (0, 2)]

12-8-6
cy:[(5, 0), (1, 4)]
bl:[(2, 1), (6, 1)]
re:[(2, 4), (4, 5)]
or:[(4, 4), (2, 5)]
ve:[(0, 4), (1, 1)]
ja:[(6, 0), (0, 6)]

13-8-6
cy:[(0, 3), (3, 3)]
bl:[(2, 0), (0, 7)]
re:[(0, 6), (0, 1)]
or:[(2, 1), (2, 6)]
ve:[(0, 0), (1, 1)]
ja:[(1, 6), (5, 2)]

14-8-6
cy:[(1, 7), (7, 7)]
bl:[(4, 4), (3, 5)]
re:[(6, 6), (5, 2)]
or:[(3, 4), (5, 5)]
ve:[(7, 6), (1, 6)]
ja:[(0, 7), (7, 4)]

15-8-6
cy:[(6, 7), (6, 5)]
bl:[(6, 2), (2, 5)]
re:[(3, 6), (7, 7)]
or:[(4, 4), (5, 7)]
ve:[(0, 1), (7, 3)]
ja:[(2, 4), (4, 3)]

16-8-7
cy:[(6, 2), (2, 4)]
bl:[(6, 3), (3, 4)]
re:[(3, 2), (5, 2)]
or:[(1, 4), (4, 0)]
ve:[(0, 0), (0, 7)]
ja:[(5, 0), (4, 4)]
ro:[(0, 6), (6, 6)]

17-8-8
cy:[(5, 4), (4, 0)]
bl:[(0, 0), (7, 6)]
re:[(4, 4), (6, 1)]
bo:[(3, 1), (3, 4)]
or:[(4, 6), (3, 0)]
ve:[(7, 4), (5, 6)]
ja:[(6, 2), (5, 3)]
ro:[(2, 1), (5, 5)]

18-8-9
vi:[(3, 0), (3, 6)]
cy:[(0, 0), (2, 0)]
bl:[(1, 0), (2, 2)]
re:[(1, 5), (1, 7)]
bo:[(3, 5), (4, 2)]
or:[(5, 4), (0, 4)]
ve:[(2, 7), (7, 7)]
ja:[(1, 6), (2, 5)]
ro:[(5, 2), (4, 3)]

19-8-8
cy:[(0, 1), (3, 2)]
bl:[(4, 6), (3, 4)]
re:[(2, 1), (1, 4)]
bo:[(2, 6), (1, 1)]
or:[(0, 6), (2, 4)]
ve:[(6, 1), (6, 6)]
ja:[(5, 6), (4, 5)]
ro:[(3, 3), (4, 0)]

20-8-9
vi:[(0, 5), (2, 7)]
cy:[(4, 7), (7, 5)]
bl:[(6, 3), (5, 5)]
re:[(3, 7), (0, 4)]
bo:[(7, 4), (6, 2)]
or:[(0, 2), (6, 1)]
ve:[(7, 3), (3, 0)]
ja:[(3, 6), (1, 1)]
ro:[(1, 6), (1, 4)]

21-8-8
cy:[(6, 6), (4, 5)]
bl:[(0, 7), (4, 7)]
re:[(3, 3), (6, 1)]
bo:[(0, 5), (7, 1)]
or:[(2, 6), (0, 6)]
ve:[(7, 5), (2, 1)]
ja:[(4, 1), (7, 3)]
ro:[(7, 2), (5, 3)]

22-8-6
cy:[(6, 1), (1, 2)]
bl:[(0, 6), (2, 2)]
re:[(1, 6), (3, 4)]
or:[(0, 4), (1, 5)]
ve:[(2, 3), (6, 6)]
ja:[(7, 1), (4, 5)]

23-8-7
cy:[(0, 7), (1, 4)]
bl:[(1, 2), (2, 6)]
re:[(6, 1), (5, 4)]
or:[(6, 6), (1, 3)]
ve:[(0, 0), (6, 4)]
ja:[(6, 5), (4, 1)]
ro:[(1, 5), (7, 3)]

24-8-7
cy:[(1, 2), (2, 3)]
bl:[(5, 5), (4, 6)]
re:[(2, 5), (4, 5)]
or:[(1, 1), (0, 2)]
ve:[(0, 1), (7, 0)]
ja:[(7, 1), (3, 1)]
ro:[(5, 6), (3, 3)]

25-8-7
ve:[(6, 0), (5, 3)]
ro:[(0, 0), (2, 1)]
cy:[(7, 6), (0, 3)]
bl:[(6, 6), (1, 4)]
or:[(3, 1), (7, 0)]
re:[(7, 2), (1, 3)]
ja:[(1, 1), (4, 3)]

26-8-8
ve:[(5, 5), (3, 2)]
ro:[(4, 2), (5, 4)]
bo:[(4, 4), (2, 5)]
cy:[(1, 1), (3, 1)]
bl:[(0, 0), (2, 2)]
or:[(1, 3), (7, 0)]
re:[(5, 0), (5, 6)]
ja:[(1, 0), (5, 2)]

27-8-7
ve:[(3, 4), (5, 2)]
ro:[(6, 3), (1, 1)]
cy:[(6, 5), (2, 7)]
bl:[(6, 2), (3, 5)]
or:[(1, 7), (7, 3)]
re:[(7, 4), (6, 7)]
ja:[(6, 4), (5, 5)]

28-8-7
ve:[(5, 1), (3, 3)]
ro:[(3, 1), (1, 2)]
cy:[(7, 4), (3, 6)]
bl:[(1, 7), (7, 3)]
or:[(7, 7), (1, 3)]
re:[(4, 1), (5, 4)]
ja:[(2, 5), (6, 1)]

29-8-6
ve:[(7, 3), (2, 3)]
cy:[(0, 0), (5, 6)]
bl:[(5, 5), (6, 1)]
or:[(2, 6), (4, 5)]
re:[(4, 2), (0, 7)]
ja:[(1, 6), (3, 7)]

30-8-7
ve:[(4, 2), (2, 2)]
ro:[(3, 5), (0, 5)]
cy:[(3, 6), (1, 6)]
bl:[(6, 1), (4, 3)]
or:[(0, 6), (0, 4)]
re:[(1, 4), (6, 3)]
ja:[(6, 2), (5, 5)]

1-9-9
ve:[(4, 1), (4, 3)]
ro:[(3, 7), (5, 1)]
vi:[(6, 1), (5, 8)]
bo:[(5, 7), (7, 1)]
cy:[(1, 2), (2, 3)]
bl:[(2, 7), (1, 3)]
or:[(2, 4), (2, 6)]
re:[(1, 1), (4, 4)]
ja:[(5, 0), (6, 2)]

2-9-8
ve:[(4, 3), (8, 3)]
ro:[(3, 5), (5, 5)]
bo:[(0, 7), (3, 0)]
cy:[(4, 7), (7, 5)]
bl:[(0, 0), (3, 7)]
or:[(5, 1), (7, 1)]
re:[(7, 2), (3, 3)]
ja:[(8, 2), (5, 4)]

3-9-7
ve:[(0, 7), (4, 8)]
ro:[(6, 8), (3, 0)]
cy:[(5, 8), (5, 4)]
bl:[(4, 4), (1, 1)]
or:[(2, 0), (4, 2)]
re:[(5, 5), (3, 5)]
ja:[(1, 2), (3, 6)]

4-9-7
ve:[(3, 4), (1, 8)]
ro:[(7, 8), (5, 8)]
cy:[(0, 8), (6, 4)]
bl:[(8, 8), (4, 8)]
or:[(0, 1), (1, 3)]
re:[(4, 4), (3, 8)]
ja:[(3, 7), (0, 0)]

5-9-8
ve:[(0, 0), (3, 3)]
ro:[(2, 0), (6, 8)]
bo:[(2, 5), (6, 4)]
cy:[(7, 2), (6, 7)]
bl:[(6, 5), (1, 7)]
or:[(1, 0), (7, 1)]
re:[(7, 7), (5, 3)]
ja:[(1, 4), (3, 6)]

6-9-10
cy:[(7, 4), (4, 4)]
or:[(3, 4), (7, 0)]
ro:[(6, 0), (3, 6)]
bl:[(6, 4), (3, 5)]
re:[(7, 7), (4, 6)]
bo:[(8, 6), (6, 5)]
vi:[(1, 5), (6, 7)]
ja:[(1, 1), (1, 4)]
ve:[(8, 0), (8, 4)]
wh:[(8, 7), (5, 0)]

7-9-10
cy:[(2, 3), (6, 3)]
or:[(6, 6), (4, 2)]
ro:[(7, 8), (0, 6)]
bl:[(2, 7), (5, 7)]
re:[(1, 2), (3, 1)]
bo:[(8, 8), (6, 7)]
vi:[(1, 7), (5, 6)]
ja:[(0, 0), (8, 0)]
ve:[(6, 4), (2, 1)]
wh:[(0, 4), (5, 2)]

8-9-8
cy:[(8, 8), (2, 3)]
or:[(3, 5), (2, 8)]
ro:[(1, 7), (1, 5)]
bl:[(0, 0), (1, 8)]
re:[(4, 7), (6, 7)]
bo:[(5, 2), (6, 4)]
ja:[(6, 6), (6, 2)]
ve:[(1, 0), (7, 4)]

9-9-8
cy:[(2, 7), (6, 2)]
or:[(0, 3), (3, 3)]
ro:[(4, 6), (2, 6)]
bl:[(0, 0), (3, 8)]
re:[(6, 7), (7, 4)]
bo:[(0, 1), (2, 8)]
ja:[(1, 1), (6, 6)]
ve:[(1, 7), (4, 5)]

10-9-7
cy:[(8, 5), (5, 1)]
or:[(7, 8), (7, 5)]
ro:[(5, 6), (2, 6)]
bl:[(8, 8), (7, 6)]
re:[(2, 2), (6, 6)]
ja:[(7, 1), (4, 3)]
ve:[(6, 1), (6, 8)]

11-9-9
cy:[(1, 1), (2, 5)]
or:[(7, 7), (1, 4)]
ro:[(4, 4), (8, 4)]
bl:[(5, 3), (4, 2)]
re:[(1, 2), (6, 5)]
bo:[(8, 0), (4, 0)]
vi:[(5, 1), (3, 0)]
ja:[(0, 0), (4, 3)]
ve:[(8, 5), (7, 2)]

12-9-8
cy:[(6, 2), (4, 4)]
or:[(4, 5), (1, 1)]
ro:[(7, 7), (7, 5)]
bl:[(6, 4), (3, 1)]
re:[(0, 1), (6, 3)]
bo:[(6, 5), (1, 6)]
ja:[(2, 4), (0, 3)]
ve:[(0, 2), (2, 3)]

13-9-8
cy:[(7, 6), (5, 5)]
or:[(4, 5), (7, 7)]
ro:[(4, 2), (6, 4)]
bl:[(5, 7), (3, 4)]
re:[(5, 4), (8, 3)]
bo:[(3, 2), (4, 4)]
ja:[(2, 7), (2, 2)]
ve:[(7, 1), (1, 7)]

14-9-9
cy:[(8, 0), (6, 1)]
or:[(7, 0), (1, 4)]
ro:[(3, 4), (2, 6)]
bl:[(6, 4), (6, 6)]
re:[(1, 3), (4, 5)]
bo:[(2, 7), (1, 1)]
vi:[(2, 1), (3, 3)]
ja:[(6, 2), (4, 8)]
ve:[(5, 7), (6, 3)]

15-9-7
cy:[(7, 0), (8, 3)]
or:[(5, 0), (2, 0)]
ro:[(3, 1), (1, 1)]
bl:[(3, 0), (2, 6)]
re:[(5, 7), (6, 2)]
ja:[(0, 3), (3, 3)]
ve:[(2, 5), (6, 6)]

16-9-9
cy:[(3, 7), (1, 5)]
or:[(7, 4), (3, 6)]
ro:[(7, 7), (1, 1)]
bl:[(5, 6), (6, 2)]
re:[(0, 3), (6, 7)]
bo:[(8, 6), (7, 8)]
vi:[(5, 7), (5, 5)]
ja:[(1, 0), (2, 6)]
ve:[(2, 0), (3, 2)]

17-9-6
cy:[(8, 8), (1, 4)]
or:[(8, 6), (7, 7)]
bl:[(3, 4), (6, 2)]
re:[(1, 7), (6, 3)]
ja:[(0, 6), (2, 5)]
ve:[(1, 0), (3, 5)]

18-9-9
cy:[(8, 8), (0, 8)]
or:[(8, 7), (6, 5)]
ro:[(5, 5), (5, 7)]
bl:[(7, 1), (1, 4)]
re:[(1, 6), (7, 2)]
bo:[(4, 3), (7, 3)]
vi:[(2, 6), (3, 3)]
ja:[(8, 6), (4, 5)]
ve:[(4, 4), (7, 6)]

19-9-9
cy:[(8, 8), (4, 7)]
or:[(5, 1), (7, 5)]
ro:[(1, 3), (4, 1)]
bl:[(5, 7), (1, 6)]
re:[(3, 3), (7, 6)]
bo:[(1, 7), (1, 4)]
vi:[(6, 2), (2, 4)]
ja:[(4, 6), (3, 4)]
ve:[(0, 7), (4, 5)]

20-9-9
cy:[(1, 7), (6, 8)]
or:[(6, 5), (3, 0)]
ro:[(5, 6), (8, 8)]
bl:[(6, 3), (1, 1)]
re:[(0, 5), (2, 4)]
bo:[(3, 8), (4, 4)]
vi:[(7, 8), (5, 7)]
ja:[(0, 4), (6, 2)]
ve:[(3, 1), (3, 6)]

21-9-7
cy:[(1, 6), (7, 2)]
or:[(8, 4), (6, 4)]
ro:[(0, 7), (5, 3)]
bl:[(1, 7), (0, 6)]
re:[(4, 5), (6, 7)]
ja:[(8, 8), (4, 4)]
ve:[(5, 6), (4, 8)]

22-9-9
cy:[(7, 7), (3, 6)]
or:[(0, 4), (6, 4)]
ro:[(2, 1), (1, 4)]
bl:[(7, 2), (5, 1)]
re:[(5, 8), (2, 6)]
bo:[(0, 8), (0, 5)]
vi:[(4, 4), (2, 2)]
ja:[(2, 8), (6, 2)]
ve:[(5, 2), (4, 7)]

23-9-9
cy:[(1, 8), (7, 7)]
or:[(1, 4), (2, 1)]
ro:[(1, 6), (3, 8)]
bl:[(8, 0), (4, 0)]
re:[(6, 7), (3, 3)]
bo:[(4, 6), (1, 5)]
vi:[(6, 6), (5, 2)]
ja:[(2, 4), (6, 4)]
ve:[(8, 7), (2, 6)]

24-9-8
cy:[(7, 6), (4, 4)]
or:[(6, 8), (0, 2)]
ro:[(1, 2), (6, 2)]
bl:[(1, 1), (4, 3)]
re:[(2, 3), (7, 7)]
bo:[(1, 4), (4, 7)]
ja:[(5, 7), (2, 4)]
ve:[(1, 3), (5, 8)]

25-9-8
cy:[(8, 0), (0, 0)]
or:[(6, 4), (4, 7)]
ro:[(0, 8), (4, 3)]
bl:[(2, 7), (6, 3)]
re:[(1, 5), (6, 6)]
bo:[(1, 4), (2, 6)]
ja:[(6, 7), (0, 2)]
ve:[(0, 1), (6, 8)]

26-9-9
cy:[(2, 7), (5, 6)]
or:[(7, 6), (7, 8)]
ro:[(4, 0), (7, 3)]
bl:[(7, 4), (8, 0)]
re:[(1, 4), (2, 1)]
bo:[(1, 7), (5, 2)]
vi:[(4, 4), (8, 8)]
ja:[(6, 6), (2, 2)]
ve:[(0, 4), (3, 5)]

27-9-8
cy:[(5, 1), (6, 6)]
or:[(0, 0), (4, 3)]
ro:[(3, 1), (4, 6)]
bl:[(1, 7), (7, 0)]
re:[(8, 0), (5, 3)]
bo:[(6, 3), (7, 2)]
ja:[(8, 5), (3, 8)]
ve:[(8, 2), (7, 4)]

28-9-7
cy:[(4, 4), (8, 4)]
or:[(4, 1), (5, 4)]
ro:[(8, 5), (6, 5)]
bl:[(8, 3), (6, 2)]
re:[(7, 1), (5, 2)]
ja:[(0, 0), (3, 1)]
ve:[(7, 7), (8, 2)]

29-9-8
cy:[(0, 0), (3, 7)]
or:[(1, 0), (1, 4)]
ro:[(1, 7), (8, 1)]
bl:[(4, 5), (4, 1)]
re:[(5, 5), (4, 7)]
bo:[(4, 2), (4, 4)]
ja:[(2, 7), (6, 2)]
ve:[(7, 3), (5, 7)]

30-9-9
cy:[(3, 3), (0, 7)]
or:[(7, 7), (4, 7)]
ro:[(7, 6), (5, 4)]
bl:[(8, 0), (1, 1)]
re:[(2, 3), (0, 6)]
bo:[(2, 0), (7, 3)]
vi:[(8, 5), (7, 8)]
ja:[(6, 8), (6, 6)]
ve:[(0, 8), (4, 1)]

